#OTU ID	C001.extendedFrags.fastq.gz	C002.extendedFrags.fastq.gz	C003.extendedFrags.fastq.gz	C004.extendedFrags.fastq.gz	C005.extendedFrags.fastq.gz	C006.extendedFrags.fastq.gz	C007.extendedFrags.fastq.gz	C008.extendedFrags.fastq.gz
d81b01f9a1882a6c9babc30387ff5e06	58	84	61	101	71	63	80	67
1b89d83ff6c4eaec4a94116eabd58dfc	71	83	81	75	32	54	67	32
64898936cbf9699c77159517e3f7e68a	68	51	57	46	80	64	51	56
457abbd71bcf660a90ec171eb86bd68c	49	45	60	51	60	47	52	46
f2a8296e10747ac16ba3d350a8563302	35	62	60	61	37	39	51	35
e121ef491ff026015fdda710f96b9e48	40	49	97	30	39	20	52	49
1d2527874e26d416de0875aca391dfc1	53	41	35	45	39	42	44	49
6f75a56f179607cd6df96b096f960e53	36	63	51	33	39	53	44	28
86131df84daa83f5bf81909048093669	26	0	82	20	91	45	56	19
d60410744f090c4cbf4f7f07cd10ce50	42	29	35	45	50	58	34	30
865386b1de56b7268359628d526f6dc5	58	40	50	38	47	33	57	0
bfff68f2f3177648a881a8985b474812	36	44	36	38	52	43	31	32
b477390f786aac1e1cf3b108bbd169ff	31	37	44	47	28	48	26	47
f7d16a94da5cb12e144a586f130393e5	36	39	47	35	48	45	22	34
e2d81e9417eb93ab2ef085a5d7878b60	27	48	22	73	38	0	59	33
a1789ed5cbf8c3ab344e310bd9926bcf	44	51	28	40	24	28	38	44
d016d7f5407a2d2b2b3f2e3f6409320b	36	38	36	32	38	47	34	35
62bae705b9c0f4a8eef504495dfb4b10	29	46	39	0	24	43	52	54
1c8d5e8a754d80963af7c2ca3f7cff32	24	42	45	57	34	26	32	22
ce1275e68321d2be0f62fbec7619846a	36	34	38	36	27	33	51	25
f05498ae83afd2c6fd8e29745783ac85	38	33	33	32	41	48	34	15
80a2a8811ad9b4cc75fae8534c4a2e15	24	30	43	31	39	40	30	36
4b13d51a11669881f4c86a4350653159	36	34	41	25	21	0	50	61
0347c90d02cdd3b46217a52c13dda6fb	34	48	20	27	46	41	10	34
c3e509d6979c52fc30fb30542d62cd07	22	21	33	10	29	17	63	61
bb90e95041a2226dab676a6dfa60aa44	11	44	27	38	41	48	36	11
5aeb4e94830a728f89308e00b8f3ac2a	33	34	29	30	31	24	41	32
14e6956e0d6ce825142b5c7b63a3bb79	0	33	34	43	45	40	31	25
beb8e865c88300642afa92e6af05717b	19	0	38	38	38	33	52	30
e44268080b7400a17642e39df641727b	11	42	67	49	43	0	35	0
c63f6ac78ffdfe799863d402d69f28be	41	35	19	23	43	33	28	23
4f39a25ce9ca06f93e72c558d9e10595	18	21	24	35	35	22	39	49
b82084fd6c0476f78f89cb62123f68b1	23	38	29	43	32	14	23	37
42e296cf8c510c8542277a2cd5ec2931	29	24	33	33	36	37	20	25
a8d0d8f05831d87683d5f6d78cfa2d38	21	29	26	24	41	26	35	34
5f319b9bbb58432d2713a00131b5691b	29	21	21	24	30	31	36	39
4f774e0f0d0b88d7dc22220f682cbaa8	24	32	25	33	37	33	28	18
081aa25e0e71c69ebf268d516c3dd7f9	0	37	44	32	0	42	41	34
3be5ccf0f025617d98ecbfd2d888b945	22	27	26	25	29	22	35	42
3e5772d388ebfd3b70b4ef76b0d3d763	50	29	37	22	30	29	27	0
5c5de567ad4343f6208386c3c591fbfa	36	34	30	30	27	30	13	23
7f6229ad23cefb4ea19dff74a76e3a6d	26	31	16	25	29	28	28	39
31f4fb5452ab2cdc7de732e3dc68423f	22	21	28	29	35	25	27	29
b321d5a3fcc834facb6b5d81cdc7f73f	20	26	30	26	18	26	28	42
11fac9cfdd770ee4e66447e1accf5b7e	15	32	26	44	43	31	12	13
3fa5707bb0c63f3c575d5ccfeb52a2c4	48	37	0	19	37	0	34	38
000f7b039dfd7d855cf11b71c3d2dad8	24	29	25	30	34	27	14	28
562589dfde57a31e04a2ca37660225cc	12	31	36	27	14	30	29	32
127824830507fe19ac0fe3193992c1c0	36	39	36	24	25	28	0	20
8363b12e3255d51ae541edb851d7625a	43	35	22	27	40	19	16	5
fda1610645c1201ad05467a002189234	26	21	32	23	28	26	20	23
792b414ff1cd0b8066919e43bb4b30ef	21	37	31	25	24	0	30	23
6d2483c3d66cc6a6d89a1c3f2772461f	18	25	44	66	3	0	11	20
2b231d8cb2e2746cec9eaafab41021da	31	0	0	10	42	28	28	43
96f09e1a1923758ab6906eacd9a2e940	32	25	24	20	0	22	23	28
ae89e4f31367e6282286c97409057b1e	22	18	21	30	25	28	14	14
ce41590ac3fe3f7989ca92ef2f9099c7	0	30	19	27	18	23	26	29
867c4de6b660c5caaf778662de6b1640	27	25	0	31	34	28	13	12
9d56b1e6c991b0f7c4a363be09078761	16	39	28	26	17	13	13	17
1b488697e27a93e8e574d686e1ee0180	26	27	21	20	22	21	14	18
b867cc010e739fc63e0711c9df8d4feb	21	20	24	22	25	22	8	25
98d00b0f3a665e8760205be7935da775	37	33	21	7	20	35	7	7
025f723af162a5344ece3f83257a5510	36	20	18	0	12	17	15	48
c00f4ca86bfdf38e4c7b06cd63ffb9ab	20	28	29	13	19	22	16	17
a0b33f41e9960a47277a40916052300a	0	23	22	30	30	31	12	15
cbc1fe54f5b15de899912ef30585584b	15	20	20	17	16	25	26	22
9681aadf28877d13381ed899be07cd82	18	27	16	29	26	13	18	13
2b45f8a8caea1e76605d0b163a7de06c	20	15	16	7	19	24	27	29
90c6e1e77c9ebc49477b7efb7c1878e7	16	27	15	21	27	33	0	17
ec531120f5cac94f1762e1330b19da07	24	0	0	0	63	51	18	0
73fe300faf4ecc7933b1553273f29c59	23	21	13	29	18	13	13	25
7e59f6a1cb815d5c28f86aa6b168c62f	15	17	23	34	21	17	27	0
47d2c9d8291e45849337596dce3145ac	18	11	27	16	20	20	20	22
c93c75807211352890e16db883f68fe7	12	25	34	20	14	22	10	16
0fe1c21111f46189729afc5b95a40720	8	19	59	25	14	14	0	14
7ccdb626a4a84a069fc201c5544f5b50	0	0	0	7	0	26	44	75
70528e1dd1b04339b4bed5df4327b2f7	12	25	18	15	22	25	20	14
24102cf42a0127851067e8fd59f3265c	19	9	30	34	16	24	5	13
0554751e14fa37d221a99fd9fb77cb6d	20	5	24	10	12	20	19	40
cf992dfcf480eaec07d67d81ebaf9c09	31	21	16	23	16	13	9	20
ab6d6f5b53a61f7bdd20a0d583b926da	19	25	18	24	0	32	18	13
e2920224d841d3cc260679ca631994fc	14	11	18	18	16	9	30	33
b4d1733bb152d785076818a58120a1ca	13	0	20	26	8	20	35	25
b6cbb8ea416f5fae8f8ee0c8b5d8b55f	24	22	16	17	16	31	21	0
d20e546b8f89f0cc38b9118b1f0d82a7	15	20	16	11	25	18	15	26
9a9524210a520a8076c99c633d0cb424	0	26	20	24	13	16	24	20
d4182dc499787b3cb721c978a8ed19c7	16	14	20	17	24	13	21	14
f53ad243edbcd0ddfc1113abd86c75e2	18	11	15	10	19	22	19	24
03fcd4d86224a08762cf243ea1a2167c	20	25	12	0	13	20	18	29
765f91912a540648b78c620b055118b0	14	28	22	20	8	16	14	14
57005f409a97d0d6655f5530c9fd573f	22	16	20	10	22	17	15	13
0f1b9c7bd0bda6bd03c7b56ec376df10	14	21	29	15	21	17	6	12
f88e14efd8507dd034041aa24c5b22d3	17	18	17	14	16	17	17	18
5a29ace74944187e0e4fa429f95604c9	23	7	15	20	21	14	21	13
15f49e2c34b5f8ff6799432f098b301a	13	15	18	16	20	20	11	19
e6a08693f4713b8a29dac219e31a5661	28	0	5	17	33	0	25	22
21277cba31d485c380185f9eaf5935a4	20	14	0	0	26	0	29	38
3e04ccded3f89a7bf119d48e5be6e03f	9	23	29	19	8	10	15	14
5d03ef6199933fb07feb22c6698b7bfb	11	19	18	24	16	16	5	17
202157acc9eb7e86929afb9b486f4dc5	7	26	17	23	10	17	0	26
6dfdc6a1cee51639e4ebe56869254464	11	26	19	12	18	13	14	12
8124e6f31981695147d28e004dc89ab4	19	22	13	18	22	24	7	0
9327836bb3f4cc4af0f25b6672931b42	16	20	22	22	27	0	0	18
32a24259f2dc25552e49ce9cf09c46ce	18	9	16	24	15	12	19	11
db4402ec53293ea23e1971adffcec731	17	14	17	17	0	12	27	20
0961419c00b40bc7a188e2d1650906c9	24	0	20	14	12	9	32	13
b161cc1def501c2e5103e1f8940a7eb7	21	22	22	20	13	11	0	13
9601ca2bb4adfcd2d3181084191c8f10	0	18	28	24	32	14	6	0
fbb9eb559e4b778c68138fe733633c74	6	0	10	9	17	23	30	26
5bb90f8b082d03169cd19e53c45cb52a	0	0	59	0	6	5	43	8
888d7864b3999f8cfb798aee7d5b3a3d	11	21	0	16	20	11	27	13
cb379c9c77dd77d2b97b4be9ea7750af	17	0	21	15	22	22	13	9
d75d09b1e93425280f035e0f01cdac99	21	14	22	13	18	13	12	5
0ab5a1087e3d457e06e8be6d8febbfd3	6	19	19	13	13	18	16	14
2d1a7d3dae89b660f13d13601436f1cb	19	9	18	0	18	8	22	23
55978b8fd526a6294b167b7beedface5	21	19	18	8	25	17	0	9
68c70b332ab5f8f19a126d73df3e3995	10	20	18	15	20	14	0	17
67540a2dfb3b2f7f5ac61404c51ca66f	12	11	34	22	0	11	11	12
2736a3426375af0148ebd82e54e0780a	8	12	19	10	0	10	22	32
728f4723415d6c7574f0e1778f150e43	11	13	17	19	3	7	17	26
7eb77c5e9ebcf4da55a37ddb939031da	7	23	27	10	18	8	8	10
d6f7e9d5b8bd06db284c68663068d22f	7	10	23	33	8	10	0	19
bd687b90682d7bdd7cc56a19241924e9	0	0	31	30	23	0	7	19
ff6328dd475b3a370b22e7c5e90ce5dd	10	18	0	18	14	12	27	10
528adced88a560fcc4fbe596c347d52f	4	13	20	14	11	21	16	10
a871edd1ff114e7d93057532fda58792	14	13	12	11	16	13	17	12
3fc5059f1a8cabb8254a532e776de1c6	15	11	15	15	14	14	14	10
ab145b82a11c9e0cce54b3d237b7c89a	15	9	17	9	26	15	12	5
632a82790c443a6e19cfa326e3c211ab	13	21	10	15	20	11	12	6
09c82021f4bc92c4b3a94b522ec9a820	8	27	18	14	7	11	6	16
7feae571aab054929e535c751d68e7ee	6	12	31	12	12	17	8	9
17a6f3613824d7bf765283776801e486	9	17	15	10	0	15	25	16
fc69e807cacdfe546e35ce21500c9e69	17	22	16	8	10	10	16	8
f0747ad79bf63e0085062e60224420bd	12	17	8	19	16	0	20	13
d9dce281175fc6853698424089350f4c	0	10	16	19	25	5	15	15
e9ade8bc8ebe609313f756fbf6d2d358	13	6	12	11	20	17	9	15
7aa1cda9fe9da9ca554fdfae709445ef	14	11	7	11	24	6	11	19
273e0570fcc2c8764d2e82e8f8969145	3	15	10	14	13	8	23	17
e79b4441f81d9d9fcaaa53db84d58544	13	4	15	5	7	13	26	20
75ce939e5c3fc2f70cc030807be7bfad	13	11	17	15	19	12	6	8
3bd68e82311469bf7c77694d6e6e4d41	16	5	11	14	15	11	18	11
5b9ba99da2318e6c0ab3f1b19203f1ec	7	15	14	11	11	22	6	15
e895a793b3f0216c7d35ae362a7a7e28	11	14	16	10	13	16	8	12
0e544ad87fd453c9854089e81281e268	14	15	19	13	15	0	0	22
fc2217f503e570a176072e415b79eac8	0	38	18	18	5	11	0	8
a47319fbc38e49198a8f64314440e4ef	0	6	17	29	6	25	10	5
510e1e811391df74851b8eb0dc9a6b42	14	14	0	0	17	28	11	12
1d6bc9413b6fb605395a246e0fb4928b	6	26	18	6	13	0	16	10
0b491622f66343c98b125f7fce59953f	12	16	20	17	21	4	4	1
4a3c24305df3fd85aa8ce960cef52def	0	5	24	22	13	11	20	0
91e1417f9869cc3d89c5a5fe6d72b7e8	7	18	0	24	22	13	0	10
cf595a38abdc05e709e3412525dad19b	15	12	17	17	11	12	0	9
cadf84a7cb2e8d0da4ffb3aa71d50714	18	15	18	0	15	16	11	0
7fb86bc6ec64d58b9bada5e13c19486f	14	0	7	19	14	5	15	19
1648be799af33c7e39bafee608772ef6	19	15	16	10	9	15	0	8
eab7feda7c16bff36d192ee45e22c9ac	7	3	15	5	10	7	22	23
66b9c24064c4872effd2750f6bf4b8bd	21	24	4	9	17	3	0	13
0455f539cc73571546437a047af1e6ba	0	0	0	17	32	13	10	19
43f6c25c339f9786f4352e2ea0ef9123	17	0	26	12	11	0	24	0
d49085bc23e040cca37de7a4bcc13a23	0	6	36	2	0	23	12	11
a0fc84412541c3073439a84ec2cc7dd6	13	12	10	10	14	7	12	11
8101c2b4033e6cc25fe11bb1088ecfd4	12	13	12	0	8	14	16	14
cb532368f4b7b8d373113b7215e317d5	11	11	8	6	7	22	11	12
13c49ed1bdafce8c488b6fab94a768f3	11	22	9	12	15	3	7	9
87471b61ae926b7655659555658e1f02	5	12	12	7	10	11	13	15
76d4a9fe4851343fd620a18d8e2d7c87	19	6	4	3	17	10	13	12
3574b8a9af1d884ec69f6e44442944c6	0	8	14	23	0	19	7	13
ac0524021c52e46f8eb235596e37a0f0	9	8	14	11	9	0	13	18
17d6950e8f00480fe4e13f25434cc2ee	11	12	13	17	10	0	15	4
47fb5342f05d8940e8572d3d82022680	28	0	0	0	32	20	0	0
9670e2181e04e1746981d5907c52d8a8	21	12	20	9	12	0	4	0
85c7db0c7722c88278e7722f3d4fe1bb	14	16	26	0	8	9	5	0
2710fb626e03d4e5f6c5b21ba740d849	11	3	21	9	12	0	8	14
0f4df765d57d999ba3327d723c7a7f29	20	10	9	13	3	7	4	12
35f4be2f94f9e7053e69ea4b06d3966d	8	17	12	7	11	11	8	4
4da5fcd1b563c681c99e6c30cd5d7b62	12	9	10	4	14	17	4	7
80f07cca5dc22387a7930841418f94b5	6	8	13	7	12	6	13	11
87e57745d2c69e51deb36f229c72ac2b	0	0	15	0	26	18	4	13
6e1362e4ab3cfe832632d6df40a6a21a	7	4	10	0	10	13	18	13
0392f95137300d8822bdeca84f9b0353	0	12	14	25	12	0	0	12
29c60fc3f394e4946d454c24830fae9e	8	2	10	8	5	4	13	23
ec61a737c27a85b027036b1c2f37981e	6	11	0	0	0	19	13	24
5fddf4c375875d9fe4ad6387c2844154	13	22	16	0	10	0	12	0
46b9a8050845bfaea7bc6fcb375e4cb2	0	0	9	0	27	0	19	18
2a0c8f9e31e9449bd2b7d457c278801a	0	0	0	73	0	0	0	0
ff244f8e364accc9d7e9edbc16413ca0	10	7	3	10	14	10	9	9
692a1262909d3f921326ea1b6cd619c9	7	0	17	15	0	0	14	19
3698b4621d9fab0fdbfacab74f81d1d7	12	10	0	15	9	12	5	8
fa39567fb364b822b893aa0971340961	15	7	15	0	19	7	0	8
9c363e841f8ba17fa380c7dfbec23344	13	12	0	0	19	12	0	14
4b9fbb9181220803d462e495571c05f5	13	0	6	12	8	9	12	10
7d377d1e7825a64d6f6165e2b0bb1653	11	11	11	4	15	10	3	5
adc11d2f2c6e789130c02e2c8878e0e1	12	7	19	10	10	0	12	0
7483ec4f3baa61414bd6c47bdbafd7d4	14	12	0	11	10	0	11	12
e84e40b844ecfd2856e23658d1f65f40	0	20	19	17	8	0	6	0
aa6f0987a39a8011764048e0f6024217	21	12	0	8	9	17	0	0
c766e88a8b7c90d7b8b2743acd906cdd	12	7	13	11	10	9	5	0
4ff06db1cdb2b1c8461bafce2c6642b4	0	9	14	0	0	23	21	0
d4ec0314da157a0212e7f85925e6d6bf	10	8	0	9	9	11	14	5
dc40a4e196086e2b9ad74b5264f829de	0	16	25	11	0	11	3	0
6318c30a220ce8ed8b2d6a37923fafa7	0	0	0	0	65	0	0	0
9418433ba56d9c674fe3d0629c65cb0c	4	7	11	5	11	8	10	8
7e5b0015e8af38fa0746b492b905756f	0	4	9	13	6	12	11	9
c65990540772e2372f934d5cb0ffe2f9	11	9	4	3	15	6	7	8
f78a84661929ba4b05c63fba95d8bccd	0	13	4	12	0	27	0	6
3ea95f9570dd6d9c94bd1d0b6af7c6f7	0	0	23	7	4	0	11	17
a4ce3be7207aa18baa590b8abaaba6fa	4	8	11	8	11	8	11	0
ee4235159881fb5eb192a976b23bbdff	5	10	10	9	13	5	5	4
0a4e26c33d2bc0bc15f4f0730736900e	22	10	8	7	0	9	0	5
6c033f033e87d15942c55f90c6833535	5	12	9	9	9	8	6	3
960b9dd33e7cc45dbda6f55e4e977d31	3	10	13	10	5	11	4	4
0a40d18c89bec14539e9a7275d2f4d0c	9	12	4	11	4	0	11	9
0354a293cd2a2d78fb1d50dc79395ff0	4	11	8	5	13	6	6	7
23182e8c1860a48f21295c1e72f17bbc	16	23	0	20	0	0	0	0
d2d2d117aba2f83f6ab655d9b1d70ab8	7	6	0	12	13	6	5	10
ea5e1d6a87f69091aa2f4dd44054473b	7	23	6	0	7	10	5	0
1f9bf6a7be62fae4546720545c85784d	12	8	6	15	6	5	0	4
72365f11ac3e2e0fe428cce95be4bbb6	0	14	6	10	11	8	0	7
950abf476c71e8c7049e1cf15558edd5	15	8	0	3	14	0	5	10
5fefbdb2f3b8c72e3a8ebfd6764810d7	4	10	15	0	3	13	0	10
9bc2c4931f6edd240b30cd57016d1844	9	10	7	0	0	10	12	7
14bc4e4cd78816c0b4c2fd526a17c853	5	2	15	6	5	0	12	10
cd4a157eddb690678ed3adc3ceaba27b	14	0	6	4	8	0	8	13
c2864effe6af440896d6a8d4eda2fec0	8	10	0	12	8	15	0	0
7fde6688fe05ae688534b9ee13e34612	7	9	0	13	4	6	14	0
c5ca14955bc2a3b526aee3b5ae2329e9	4	8	8	8	9	7	9	0
96c427a26f9bb3a9d39dce1da90883b5	8	7	7	3	16	0	4	7
ab8adb0825658cbd62556ccca098fa6c	18	8	0	12	0	13	0	0
158f129f85ed32fe9ed3f132283ba9c6	7	18	0	6	12	8	0	0
2518775ac179ba66ffe59a38feb836c5	0	0	0	0	0	51	0	0
001acc4b3b7a112381733116f866798d	50	0	0	0	0	0	0	0
5691e15d1187ed0a22792fd97a79e3a4	0	0	0	0	0	0	50	0
4c9836a2b243349cf0a5b400a334d510	13	0	9	8	12	0	7	0
f8db2c21a89d0763de72a5d4845478d1	0	49	0	0	0	0	0	0
0f8b4913e91e322b142efd0471772ed8	9	6	0	13	3	7	6	4
eaa49c907c2cf99d7857f038ed644886	0	16	9	9	4	10	0	0
304e48fc707c0f4d44c387720dd032ce	0	8	13	8	9	10	0	0
60cc895c5af8e200caf71668bfade572	0	0	0	0	48	0	0	0
e17825220bd965fb71a4cfdbfda6b577	11	11	0	5	6	14	0	0
7039c19f6b76a55224e58558d5c1b4fb	5	5	6	16	5	6	4	0
5a2ede9b4df86d42de49ac5087c1fd95	4	6	7	7	4	5	10	4
24269301d3475de2d6e7e677a9bfe747	0	0	0	0	0	0	0	47
8f52dac9d42e6e0d417612f1c21979b3	6	0	11	14	5	3	0	7
f516d92aab2c2d0ec5bcba8056dfd573	5	6	6	0	16	13	0	0
3b547ade13f9e4bc08539dd8ea523530	0	12	0	0	4	22	0	8
aac99a4152f27fdff032ffc84acd131d	0	8	19	12	0	0	0	7
5b706110adb535ff3eb9c9c1b8bd1538	0	8	10	0	8	10	1	9
01a0ff354bacf4e3354b20b342561387	8	8	3	15	2	0	5	4
c188952ba3daef62574673eb2903bab7	17	0	10	0	10	7	0	0
031a8dcfe4e1291cac48fee5df053497	5	8	5	0	12	10	0	4
36ac69d0802d3c6a608491fdda673b68	0	5	12	8	7	0	7	5
66e24929f713a12e45c1651059a37a78	0	0	19	0	25	0	0	0
6f1135d57986c2249e0526a38782c6c2	5	0	7	0	13	5	9	4
9d7003ae013cd4d0aaead0e81f35bc5c	7	9	0	8	5	8	6	0
f203ede9025a3e4604665a94f35e54e5	0	3	5	4	7	12	0	12
d5df3e9907123efd483d5215549ca821	0	0	0	0	12	9	10	12
565898a0660a1cb8242667efff7fd25c	7	7	2	3	7	4	5	7
f3bdd01c19dc6605b3954eb8fb00fde1	3	7	9	5	4	7	0	7
c63c78fe99c6bfb5fa2bc3af61b120fe	3	4	4	0	8	13	2	8
1ee5a562f749a4632369d1dd4eb16ad9	0	0	18	0	19	0	0	5
3c4c839202e87d7d55e9cb17d3cdbdd1	10	4	5	5	0	3	6	8
7ebd3dd821c91247e9019f738b3cf166	13	0	11	0	0	0	8	9
c0881c1e91d8045c79c04f1a3f4f31d0	0	15	7	8	4	0	7	0
a067e57e68dc0a6980766dd1f0a99d0a	0	0	41	0	0	0	0	0
b3ca99778ec3eb4c97b3f0543f838040	0	0	0	0	0	0	0	41
5c6e544bddf45a2ab21c724fa2f3fa57	2	4	7	0	6	0	6	14
c67b9a897330b286990d67c27aa60963	3	0	9	0	11	8	5	3
53fea3572b5149ca274b9a966deb2c0c	0	0	39	0	0	0	0	0
87910074f135b42b1a19ff1142fdd6cd	0	0	39	0	0	0	0	0
c78b4816115076740bf851257cdd2b77	0	0	0	0	0	38	0	0
8856f443cf23952ffd59d30e0f3e0b2b	6	0	0	0	12	5	10	4
95aaf2f8654f7215ed751bd686934b10	5	5	6	5	3	0	5	8
29e59f6d61c37327eaf4e4f8d2b4e58a	7	8	0	8	0	8	0	5
a03dc6e3e1104e4123ca3e12b216db4e	6	3	0	2	9	5	4	7
4957788046e536b7449a369a069cbf1a	2	11	7	7	0	5	0	4
74ea8fe1140516bf5887e3aeacd805f7	4	6	8	8	0	4	0	6
acaba011b54ae817e12d3d04414c0a68	0	0	0	0	0	0	36	0
747bb7f00ced22ec192b0bdedcb9ebfa	0	0	0	0	0	0	36	0
8aa99c460499527c6082fc636532b71e	7	6	6	8	3	5	0	0
7134b7a54f27c6792e418a76cb4b5a2d	0	0	0	0	0	35	0	0
24847901d0259b12360b5a27d4f4310d	0	0	0	0	0	0	35	0
abe56cee172981fa795d1c19fcb40967	3	0	0	0	0	0	18	13
db7dbe77e4e4c20b265cbb68448cbdb9	5	2	11	0	7	0	5	4
eee8d20ab3265a872770aa3ffe2f0cb8	0	0	0	0	0	34	0	0
d0f68a517c1059a3d2d47962147244d6	5	5	6	4	5	4	3	1
775257c5e1e12b0642ca4921aa193931	5	7	4	3	0	0	9	5
30ab0164b939dce82dcdede17ab0e791	17	0	0	0	16	0	0	0
a9f2ef344b9f142daad8f6b8aee206b4	0	10	9	0	11	0	0	3
27dad9e01189cc96ef76e3e7d8c043cd	0	6	7	0	8	5	7	0
f3e849a84f5ae31febd25d2533531f01	0	6	0	6	6	9	6	0
72ac4e044188585a35cdf005488ada64	0	0	33	0	0	0	0	0
3a8373fa50e422cce06e3d0678a8d8e2	0	0	0	0	0	0	33	0
b941a454cfa369c4c83b5fc7a30021b9	32	0	0	0	0	0	0	0
68066a9cccc4776bbb5c3f8a1967b147	6	4	2	1	8	3	7	1
24bf00082d37832451a5c6c87a554285	0	0	32	0	0	0	0	0
fa04bec8c00f1fe661062e9f8fb46d55	0	0	32	0	0	0	0	0
761b1b4cc89c019886e37facfa12db65	0	0	0	0	0	32	0	0
2ea4db0d1f6138bbfa41ee01d6e52392	3	0	8	0	0	5	10	5
3c5351ac54fcb3c1cc7e0e2729da8898	0	6	5	0	8	6	6	0
aeef771204a132e831ec85704aead1ce	0	31	0	0	0	0	0	0
e2fee8c847139bab919bafbbb826c346	0	0	18	0	0	13	0	0
1310475901e71bb9703cf41b20c9d7ae	0	0	10	0	6	8	0	7
bb9a16cb3294f8075a623bef1479f3d8	0	0	0	0	0	0	31	0
2179408c0f2a74b80a9ec38bfe0195c9	4	5	5	1	5	6	3	1
8377e24ad3db498e645c732a817b6396	3	8	4	0	8	2	5	0
a31e21bee244d0fa35c45ff6d4eae3c3	13	0	0	17	0	0	0	0
e0762cccb364845972a0f61be07aa516	0	0	30	0	0	0	0	0
d166696ff5bad11640c6953e96f3c030	0	0	0	0	30	0	0	0
652565dc54d45337b31a108d807324a5	0	0	0	0	11	19	0	0
874343706b6d98592f4b66738f170a4f	0	0	0	0	0	0	0	30
88ba36260842dfd37462604bfd13ad5e	3	8	4	1	2	4	3	4
a42d146b18e75a8d4f9ceb3dac9b8ad9	10	0	10	0	6	0	2	1
c4c4ad3e7a38f674c8b9fc3d38efb054	0	0	0	0	29	0	0	0
d19da3d9a1a856bcbf62a7903f50df2a	0	0	0	0	0	0	0	29
8a3a463b6fd8c40429b8d578ac4be2da	0	0	0	0	0	0	0	29
0d4bcc6749dcb4d49efb7558c5b5572e	28	0	0	0	0	0	0	0
1589c5f931906b6dda50599a082363a1	28	0	0	0	0	0	0	0
f617b6cfee04aaf88f5618c39c11a552	0	0	28	0	0	0	0	0
e6e9a8996992398a5c7f730238783e37	0	0	0	0	0	28	0	0
b764b89e3cb2d5ac2d6be16d83bca465	27	0	0	0	0	0	0	0
0b192dd80dd2df6e74d87cfd9fb3eb40	3	7	0	0	7	6	4	0
b8c5973b8449bc63cc59d73b79f6e8f0	5	0	2	4	6	9	0	1
e4de02fc67c0f39cad1142e71707690f	0	27	0	0	0	0	0	0
34933f8f7bcf2c2fbf5595f651e939a7	26	0	0	0	0	0	0	0
dec7ba7341ed76f27f20365ae9191a51	5	4	2	0	5	7	3	0
223d76831aa74d30c258ed7c2cf0d14d	14	0	12	0	0	0	0	0
141c4419c0887afde3e62d4ef6a45bb7	0	26	0	0	0	0	0	0
e41a40c31f458730e0d1dc971cbb5a63	0	26	0	0	0	0	0	0
0752b8fd2111ec50fb2f072a40678d4c	0	6	0	5	0	15	0	0
c0d89e44acda0b40436ce3d25474865e	0	0	0	0	7	0	9	10
b67feee875d85ec3beec32135a1a6b43	0	0	0	0	0	26	0	0
ef047cd3b75f959e31eb407a1a588e2d	1	4	5	0	4	5	0	6
b5f5186fdcbb9e51c1bc0208d7b62c7d	0	0	0	25	0	0	0	0
91f2fb3ca959b060fe4f21a7b8ac41ca	0	0	0	0	0	0	25	0
c73ae1c1341c10a53f574c252b39e7ec	0	0	0	0	0	0	25	0
d819a4a54ee3b3cf0096d89ac3e19fdd	0	0	0	0	0	0	0	25
9d950721f042084b875d98de2e413845	0	0	24	0	0	0	0	0
473822cc1a1c63728f430bec663edcc8	0	0	0	13	11	0	0	0
a9ace5f1978080f97351fff4a4198cc1	0	0	0	0	24	0	0	0
c5c75b1003f997023342cf2cea610bec	0	0	0	0	24	0	0	0
c5f163f75a00b528b31fcd19f60a81a1	0	0	0	0	12	12	0	0
2d6d95dbf68712ebee6544cad6255bbe	0	0	0	0	24	0	0	0
9b597cb9a0f47cb742a1621e93d65d59	0	0	0	0	0	24	0	0
4eb450a5d97f406ac27b3d088406704a	0	0	0	0	0	24	0	0
6ec720d18a1ae7bc4506132280b0ea25	0	0	0	0	0	0	0	24
9dff8678895fe4b5a90619ac2291ecbe	23	0	0	0	0	0	0	0
66f26d9871b5d0bf9ca252e382581ff2	0	23	0	0	0	0	0	0
5441179d39a75902e0449af809507b0e	0	0	23	0	0	0	0	0
a82a05606800a32eaef90666fc683be6	0	0	0	0	23	0	0	0
4a8a3f2fc325a8839b9d59fa3f723aa0	0	0	0	0	0	0	0	23
7ef0c51abc18415d17f2bd9c2c2ccdf9	7	3	0	0	6	1	5	0
a9cf7da0fa0d964bac141e155e34ac38	4	2	0	2	4	0	4	6
c8040bf128447c667127784e8218edcc	22	0	0	0	0	0	0	0
b20208ff619f891658a3c12969b30835	22	0	0	0	0	0	0	0
73f7cf7afe09cc0b0fe2e1b8b9889ce0	0	7	0	0	0	15	0	0
05d3d9b6a54233decfb6391245eea46e	0	4	2	6	5	3	0	2
4891ab0c6348a239f4084e681cff3996	0	7	6	0	9	0	0	0
a3976e72416360ce005176a45187d3ee	0	0	0	0	0	22	0	0
b8f68e1bf5578c6c70320a45888448de	0	0	0	0	0	22	0	0
e0761c6cda2b18c8137640019dd3a1e2	0	0	0	0	0	0	0	22
cc49a0be312cc39397dfd8b560fc808b	0	0	0	21	0	0	0	0
94f33fe08848b2a5e7984da25d9c58be	0	0	0	21	0	0	0	0
9a1406c44052c3317f2cddd904abd406	0	0	0	21	0	0	0	0
13dabc3a4d5cb26be2b7af27bde99dc0	5	0	3	3	3	2	0	4
32c06456c8da66c9d548834465b6c0b5	3	2	0	4	4	3	1	3
a323ffbe728ed1895e0df4eaacb832c6	20	0	0	0	0	0	0	0
6b974b71439e8e60971e0217c47a7a55	3	2	0	3	4	5	0	3
21abfbe23999511f0814472eb08c4110	0	5	4	2	3	6	0	0
1cfe543e4fd5ca636a4ab851bcebdbd3	0	6	5	5	0	3	1	0
34999942e44a88ba053982c849c775e8	0	0	0	20	0	0	0	0
605fcbc941036d92f11aaa0d7ff85e84	0	0	0	0	20	0	0	0
067c50419232849278878620d8ced83d	0	0	0	0	20	0	0	0
a94403beb17657f066494b4b7e5418af	0	0	0	0	0	20	0	0
18557cce317ab124e072c79b982040ab	0	0	0	0	0	20	0	0
2698e2601da0f253da1129ace341f25c	0	0	0	0	0	0	20	0
e65fd6cb43ba5456a8efeec555b5f32c	0	0	0	0	0	0	20	0
f549b2e7bd06584ae6cb689a701b30bb	19	0	0	0	0	0	0	0
31acc3639057490279a05d3f3b5aa70a	19	0	0	0	0	0	0	0
195ab125a113198ed3be5f618b5d5fd3	19	0	0	0	0	0	0	0
e79a186efd06dc6d5903d76a9420848b	0	10	0	9	0	0	0	0
8ca98ef8e5c8f1033e5e9f838e44f899	0	0	19	0	0	0	0	0
9c6f2afe1a3ceca5600df736831ce6b6	0	0	19	0	0	0	0	0
25cb30df8936afb96ea9294665a441cf	0	0	0	19	0	0	0	0
51e7a44e9c205c64160535b95b0fd910	0	0	0	19	0	0	0	0
4bfb0088c5ffee253af1aaa5fc6bdf92	0	0	0	0	0	19	0	0
245e29142a28ed1d7831fe9693571014	0	0	0	0	0	0	19	0
0bb1a1068e84864b50d00a4343410203	0	0	0	0	0	0	19	0
fa2d151bfb83a2772a7ed0cb70b611c1	0	0	0	0	0	0	19	0
85e8c3f8d753fd0757e547a38a076708	0	0	0	0	0	0	19	0
09e290bbd77be38cc029f9759f10642f	0	0	0	0	0	0	0	19
0680ffc7efb77990f83f793674640e66	0	0	0	0	0	0	0	19
8a672dd68002f4486a8d8ca2ca50a13b	4	4	0	0	0	0	10	0
f5e5fc60f54372baff02bc5e4f90ecdd	18	0	0	0	0	0	0	0
cac6ba0556e5350eaab3f720a43c7b97	0	18	0	0	0	0	0	0
b5120bc3896cdf7bfcc09c32a7e85c9a	0	2	2	0	7	5	2	0
ebd33b77213228ba8973eee8dbef2ccf	0	0	18	0	0	0	0	0
1744ebbd6458358c0d80e81df6830acb	0	0	4	0	0	2	8	4
d549b0935692dd84d83d6ddb309b8af0	0	0	0	0	0	18	0	0
08f4ac16e44274b253b9b481275b5dbe	0	0	0	0	0	0	18	0
e215d2b428a6af86de47174e2080f9de	0	0	0	0	0	0	18	0
dae03de5cfd483fb5904bd0b416e4095	0	0	0	0	0	0	0	18
220ac3dd349ad98ba4a3f939e488e6fe	0	0	0	0	0	0	0	18
29dbd1ef3e99decb4636eb3dd4c4373e	2	2	3	3	3	4	0	0
0939085286139e9561fccf2c3efa569d	7	0	0	0	0	4	0	6
8a8a35bb61237d5fcd01ba0f8b7a9aa1	2	0	0	2	5	4	4	0
d5688a239827a978f229d9a525baf882	0	0	17	0	0	0	0	0
91b37149a3bfbc4dd22573d3fe3400ff	0	0	17	0	0	0	0	0
d4cda0513c3e296f9c0d5ecd19cbf4ad	0	0	0	17	0	0	0	0
82139dd6bdc43099e394b2f1ceb3ce3f	0	0	0	0	17	0	0	0
29c4934106a3685e3d7e33c1d11837d3	0	0	0	0	17	0	0	0
04aa2137c78f69f381ed15c3a82f5f64	0	0	0	0	17	0	0	0
5055a802333c216d889cfa7470a17456	0	0	0	0	17	0	0	0
25f51622767487b341c7d79cd9636017	0	0	0	0	0	0	17	0
0a8195a29695d7a0c281cdb89490c103	0	0	0	0	0	0	17	0
8f4c7e6362799d8f8f9cce6e8381458f	0	0	0	0	0	0	0	17
251c2d7c51bdf76c28977d4e4ac9f8dc	16	0	0	0	0	0	0	0
a510b779c94db0128b3e0d2845090e0a	4	4	0	2	0	3	0	3
17f2c6b0b56326067e5ad525a7827252	0	0	5	4	1	2	4	0
2967f71f446091e0f02e732690bb64b7	0	0	0	16	0	0	0	0
c5e5c4221308637b58c8d3c213ac80c8	0	0	0	0	16	0	0	0
f0da5b39280c67c44a1dee72776f47fe	0	0	0	0	16	0	0	0
b62bbc3100d1c67ae319ab82393256a8	0	0	0	0	0	16	0	0
822daa54ba2ad49ec81c477a1244d534	0	0	0	0	0	0	16	0
b54cbd7b87292ba1f0a23ce458e3fac9	0	0	0	0	0	0	8	8
6e679c48e898e1563c4ae6d983827d77	0	0	0	0	0	0	16	0
c66d84487e275bc1616630ff875d60a4	0	0	0	0	0	0	16	0
b6d1775130abfd1f6f3aa35ae59131fe	3	0	0	5	0	3	4	0
ff46bb075173b62c475ce9d89ec59b12	15	0	0	0	0	0	0	0
e729a459d0dcab5027b02650152dbc58	5	10	0	0	0	0	0	0
10741b1183dda151b54d1f58b4f00eea	0	15	0	0	0	0	0	0
7ab690962f68772c10d681adc812e9cf	0	15	0	0	0	0	0	0
e9b5c63703766bb127e600e4c1fafcdd	0	0	15	0	0	0	0	0
5af8356374ea62594dad21147153ba82	0	0	0	15	0	0	0	0
498ac2a9f2cda4e3ebc1b26f2636042b	0	0	0	0	15	0	0	0
6ba8f20c060692013b8132b1c7f731a3	0	0	0	0	0	15	0	0
ca0e06334842b2a518d7644749864a57	0	0	0	0	0	15	0	0
03a15120c8029cc536985b84b21ec478	0	0	0	0	0	15	0	0
c43d4f136a9b8a8f6e985863dd7cd874	0	0	0	0	0	15	0	0
aa6bc3fbc4935f1de731b338775788f8	0	0	0	0	0	0	15	0
72e0292307b8eabf9434770e3187b3c3	0	0	0	0	0	0	15	0
6309f07b78a9ecd157e0f58f191a383f	0	0	0	0	0	0	0	15
179ae78fd35bc309895374db3f24e5bf	0	0	0	0	0	0	0	15
a65489edc70874c1a9fbbce8e02a2298	5	0	0	0	7	2	0	0
631f0016299e6564d97a4d743d8e0c72	0	8	0	0	0	0	6	0
7abaa4a17724a8de032d697b796b8166	0	0	8	0	6	0	0	0
ad6be6c8b51f47dfcc456fe2cf38e6ca	0	0	14	0	0	0	0	0
e4a7765c24c94f3b38cd550fd6170e00	0	0	0	14	0	0	0	0
4834d0f96b081f07a4b0a447f0164762	0	0	0	14	0	0	0	0
98cfd48587e2337558553e9ded46be49	0	0	0	14	0	0	0	0
845046fe14843282eaf569e5494a5c3d	0	0	0	14	0	0	0	0
07858b1ca7c7b51b87658832b191b3b3	0	0	0	14	0	0	0	0
4a4300b55d1c78d09f319b63e1613e43	0	0	0	4	2	0	4	4
999a4ee9f08f2575fc208ea6643e7619	0	0	0	0	14	0	0	0
f777a8deddfd2ef29014588a5198cf38	0	0	0	0	0	14	0	0
ebd5363ed242a9e5fceeea6fe873d962	0	0	0	0	0	0	14	0
24a8b898edb9a35c9a3e94dcfb2201e5	0	0	0	0	0	0	0	14
931cd04fd0e1d12d7f3bbb564a779f56	13	0	0	0	0	0	0	0
1b5133a017610f1acf1b9f5d27b71eb2	1	4	6	0	0	0	0	2
672e58fc7fd7c529628247cd0f73c431	0	4	0	1	3	0	0	5
6af8f7a74064c1ec86b09f67c5d973aa	0	5	0	3	5	0	0	0
5506b3ff5423a0fc360f29acbce206b9	0	6	7	0	0	0	0	0
0f568fc78c12c6ccd5dfabdcab7ed0c8	0	13	0	0	0	0	0	0
2a346f41921342a62cb8d8fbec7fdd05	0	0	13	0	0	0	0	0
9cfabf3f40f85c0eaa14758f5657e832	0	0	13	0	0	0	0	0
5fafe293988c493dc25e424dac4ee259	0	0	0	13	0	0	0	0
de4ae3380029b9c5cb48de95da5de789	0	0	0	13	0	0	0	0
7a216cd1a2c6cb7e655fe29f7d3cdfe5	0	0	0	0	13	0	0	0
aaafc259eaf4c36fffab207b260325d8	0	0	0	0	13	0	0	0
085251979c90c3cb0db4de7ac3fdcc33	0	0	0	0	13	0	0	0
5217e1e6d8731fee74781d9a3d4a0d64	0	0	0	0	5	0	0	8
771472c352ea16939460573a18c49639	0	0	0	0	0	13	0	0
1a6e432f482678e6d1f932bf8b1778f9	0	0	0	0	0	0	0	13
8f65f93ac0f0c5e1f33a6149cbabc572	12	0	0	0	0	0	0	0
783d4e5e11388091d8b94a721de9331a	0	3	0	0	0	0	0	9
d4515e070c7ead3c6e9420962d32b093	0	3	0	3	6	0	0	0
878788b1b5c9048ba528491347e08c5f	0	12	0	0	0	0	0	0
7df2eb80737399ce94e98fe280e319c6	0	12	0	0	0	0	0	0
a7e7185550e61d2629ac8b9f73501d7e	0	0	12	0	0	0	0	0
7b831b2c083944f3d621ebb92eb3078a	0	0	12	0	0	0	0	0
9cd7e414e19c542e74a22cb444a43e68	0	0	0	12	0	0	0	0
79f8356b4df3fc956a248620b077a13b	0	0	0	0	12	0	0	0
00c36fc14084d8b12c6175a46fa4da79	0	0	0	0	12	0	0	0
3753beee0947f0450e3868ac432f61da	0	0	0	0	12	0	0	0
3e38f08e3874dfb6cc3036e6268c03d8	0	0	0	0	0	12	0	0
90dce89998bc265bfd8b045fd32ababc	0	0	0	0	0	0	12	0
46aa0d6b45bff5391f9540059c52b1f2	0	0	0	0	0	0	12	0
9ee8df1e5dc2ad40643ea0aa5568ad74	0	0	0	0	0	0	12	0
bb008479f8682e906e76656c0973a5ce	0	0	0	0	0	0	12	0
b933a1c377fda481db6745d8cdca0069	11	0	0	0	0	0	0	0
1c718d6058f129f610967a8f23a6079a	11	0	0	0	0	0	0	0
549d1459123e17e0b096ae4fd596d873	0	11	0	0	0	0	0	0
80a538ccf2ad3e41b1ed2ec9526c6473	0	0	11	0	0	0	0	0
587dec53115304ef05c6372241ca4baf	0	0	11	0	0	0	0	0
f2b70b92e8f44fbdc49ef0047520b23d	0	0	0	11	0	0	0	0
71a97c7c05a1ad6048e3d524c87e3acc	0	0	0	11	0	0	0	0
4da4dd197e984a88dffbb3eed880c04f	0	0	0	11	0	0	0	0
fcaa3373e917cb7c9255c611a7286cac	0	0	0	11	0	0	0	0
72ebf858421d724a18dd5fe4f40418e1	0	0	0	11	0	0	0	0
bbbadafe1262c04b008558fee1463c87	0	0	0	0	11	0	0	0
1033f3fb0763e4cb6eda3421caa00b4a	0	0	0	0	11	0	0	0
cd2a1ff3300c8aa86c8b16a899af58fd	0	0	0	0	11	0	0	0
df8da5c65cf03347f5785dc1f67973e0	0	0	0	0	11	0	0	0
bcd6d667c2bc8a804b755754a06d9566	0	0	0	0	11	0	0	0
2fb8427bee1b6d4163896fcf0e6c2a23	0	0	0	0	0	11	0	0
9a53990f76a90f89dd9b32ef3f80c940	0	0	0	0	0	11	0	0
a022f6e29f05c32d8bec677c09b0eaf3	0	0	0	0	0	11	0	0
06d58f2089d393e54088c4289fd5d7c6	0	0	0	0	0	11	0	0
9e7eb797429b071670e938ff208519bd	0	0	0	0	0	11	0	0
0ee3bb6d6b23f29b7cda88415da1aa98	0	0	0	0	0	0	11	0
825a0ac017172965413e5becd2ca47c9	0	0	0	0	0	0	4	7
63cf0afd056a07f0c6744bd4192dddd0	0	0	0	0	0	0	11	0
e65c7aafdf3aa0fbcab65acc2bf2817d	0	0	0	0	0	0	0	11
b5a237848449f497d10915e92ca37c94	10	0	0	0	0	0	0	0
b119209fec014b903d9a52c8be9f8712	2	4	3	0	0	0	1	0
9a645c4bd267bec86a687d5ecc31ea6d	10	0	0	0	0	0	0	0
73af78abbd3aa4489d8f34de10b61ad2	10	0	0	0	0	0	0	0
c43d273fa44c931f4e158fcd50f4dbea	0	10	0	0	0	0	0	0
6b189b600e02c9813fc89685bd4c0d07	0	0	10	0	0	0	0	0
25c59ef691662c41a4cd95f06b8dd7ba	0	0	10	0	0	0	0	0
0c96d9e29ec015ddc8909270cf8f6a39	0	0	10	0	0	0	0	0
e360d69a41a65469dd6ae77818249669	0	0	10	0	0	0	0	0
3eef81a0059a94b759feaeb0f209fe1b	0	0	10	0	0	0	0	0
11512c190183bc7b48198fa5b3992b70	0	0	10	0	0	0	0	0
ef8b9afad4c45bcf1c68a5e61c9b9f37	0	0	10	0	0	0	0	0
470cd29b0fb16c33a51aa0e8215ad279	0	0	10	0	0	0	0	0
f5610cd1ae9535c2bd6d476b5cd1f1f8	0	0	10	0	0	0	0	0
f0c16c6a6ff3081dec174b903f862f19	0	0	0	10	0	0	0	0
385a72877cb2e312fc6228ce024d0304	0	0	0	10	0	0	0	0
3fcfa9b539041b36c0f0dbf0fdd8642e	0	0	0	0	10	0	0	0
f95ffecdb76be7df6660ac1edd4e0c30	0	0	0	0	10	0	0	0
f547f769ea871cf8fb9b5cb75947b38b	0	0	0	0	10	0	0	0
c50c3d6ba9fb0dee992cd77e32827962	0	0	0	0	0	10	0	0
7c5db7e67ee3090b7bf7d1705d5e8752	0	0	0	0	0	10	0	0
222fc0a285e73d2777a3957cd924a27b	0	0	0	0	0	10	0	0
452acdffd0c8d1fc1b180769c1e3cb5f	0	0	0	0	0	10	0	0
6a79399afe2c5de41250cf949e8b78a4	0	0	0	0	0	0	10	0
48c77b4f981d587c9681f4bcb4ea456a	0	0	0	0	0	0	10	0
ba67bd8b01bbe2a1868cb0ce8000281a	0	0	0	0	0	0	10	0
4977695460102db4134b020c45809b1d	0	0	0	0	0	0	10	0
0665ff82987d29762e86ec6c0c1bae37	0	0	0	0	0	0	0	10
1c3b696668fcac4e492896722ca205ca	0	0	0	0	0	0	0	10
db7cb43f54d4a899a43d069a85619109	3	3	0	3	0	0	0	0
3a387935c2f38716cb908b7702a4fea6	9	0	0	0	0	0	0	0
1e40a56a9906504f32052517659c6417	0	9	0	0	0	0	0	0
41fdb5ccea541e5ed58352bb4fc8b989	0	9	0	0	0	0	0	0
502da662c9a103496f774b739ab593bc	0	0	9	0	0	0	0	0
6ea1e785c0296035b0c39a82b14df8cc	0	0	9	0	0	0	0	0
ded12986f11012e4d6aa98360ec6511f	0	0	0	9	0	0	0	0
5a1629c43bdd3b3b61888beb6f48730b	0	0	0	9	0	0	0	0
eabb429bba65723ff44ff5f6b05a1538	0	0	0	0	9	0	0	0
94816c1f6bc9ced1009f8fe0cbc06f07	0	0	0	0	9	0	0	0
a96822820df1a20c47069540a087439d	0	0	0	0	9	0	0	0
49387c753f2b81f77f35952708207061	0	0	0	0	0	9	0	0
6d9edbd14a7d453498c071a4b437b4ba	0	0	0	0	0	9	0	0
da40f9a7a3cf261b6b3f8acb0c119d80	0	0	0	0	0	9	0	0
3b418d2dcf085f6de4a10139146bab00	0	0	0	0	0	0	9	0
b4ec9fc7989d1e9716edf13450fd8576	0	0	0	0	0	0	9	0
0b1b2da72fe0cf1606512dd6f67bb63f	0	0	0	0	0	0	9	0
16471363c8c382007153f669fb7b27ca	0	0	0	0	0	0	0	9
c10b8d01c21c8b4022532c1e4dd32c74	4	0	0	4	0	0	0	0
56c381c51ebd90cef32808f8d4b3d457	8	0	0	0	0	0	0	0
04af73c494670491005795ed3d308786	0	8	0	0	0	0	0	0
1bff4b068d8018e8c6c99a0a517b44a5	0	8	0	0	0	0	0	0
b1198902a2f6daceefe1598d28bbcadd	0	0	8	0	0	0	0	0
a48e022f23e92b4e5625b2e887140890	0	0	8	0	0	0	0	0
6b624ad04d6acedcbb734f9680f1b938	0	0	8	0	0	0	0	0
0629a357d4b6e84eddeaec6f0a6ec87f	0	0	8	0	0	0	0	0
6642dac0e2edee81d5604da65b0110eb	0	0	0	8	0	0	0	0
8ef16e051499e839b463b5152868b056	0	0	0	0	8	0	0	0
cc7472000e026a50caa97b14468ed3e5	0	0	0	0	8	0	0	0
841e92a4cbf8181a7ccf00ab94c3a830	0	0	0	0	8	0	0	0
5ea60a72e5324e94741bbdd47b742c72	0	0	0	0	0	8	0	0
2f02e8f8496bf5749124061e2582c803	0	0	0	0	0	8	0	0
7e99bd16f873d18bec34050e7bf0b3ad	0	0	0	0	0	0	8	0
ef1a375580091c9f4f8cc3617fd037fd	0	0	0	0	0	0	8	0
2d292a4044f71737fe376964a9c852f4	0	0	0	0	0	0	8	0
57320ef7f98dad80d3a2fab11acca4e1	0	0	0	0	0	0	8	0
010b0225a7a363344735b9349d29ceb7	0	0	0	0	0	0	0	8
c8e659ffc1194c3582511ce96f5358c3	0	0	0	0	0	0	0	8
13462329f9792b93294f689a57ae4eea	0	0	0	0	0	0	0	8
59628372b56db7ff3845d2e4a134f6b1	7	0	0	0	0	0	0	0
7c6c0a4979e3102a6fa7dd1c24152208	7	0	0	0	0	0	0	0
36ae6bb697a7e76ec5e3846f6f4f6501	7	0	0	0	0	0	0	0
6e43c292ccd6a592fc9afd65b73c35bd	0	7	0	0	0	0	0	0
bcd46be2042aa98f9781aa9fd243db02	0	7	0	0	0	0	0	0
d96824fe96ae7362d4e72ed09db39d68	0	7	0	0	0	0	0	0
e49eb434857193876ee04395bf66ddbf	0	7	0	0	0	0	0	0
fed4ff063d70632305f8d7ef3c2c7fe9	0	7	0	0	0	0	0	0
7d7f36fd50514321cd04429fca665477	0	0	7	0	0	0	0	0
c8dec97f9c0d3aa17b21d30805d0e9db	0	0	7	0	0	0	0	0
ee2eedd47176cb7b6e38a8eabb92458e	0	0	7	0	0	0	0	0
e82c27f7245680e2a6387fd5c6f06b46	0	0	7	0	0	0	0	0
898aab6f6cbc7c95f2a34efd8ab2bccc	0	0	0	7	0	0	0	0
752ed1d839772854257b81dadd29d965	0	0	0	7	0	0	0	0
7091cc7ffc314451f861d511c10a7aac	0	0	0	7	0	0	0	0
e37445b855cfbedaec4c61f90d079798	0	0	0	7	0	0	0	0
24cbfb927ab3e577db6017bb3a748c40	0	0	0	0	7	0	0	0
78a18767125cb2907965365be7d00238	0	0	0	0	0	7	0	0
c45f8fae1f649e87d05baf30b1ba4fd1	0	0	0	0	0	7	0	0
2cb014ea8ff9a55f66db8f120b309b79	0	0	0	0	0	7	0	0
141a80ce6e0003465603fd36138f1dd7	0	0	0	0	0	7	0	0
075d64ea641bafbf2f311339f02425ca	0	0	0	0	0	0	7	0
abe983efa2969c297a790f66f5a7e018	0	0	0	0	0	0	7	0
97ae5421da6f85de7bff7d5b6517a523	0	0	0	0	0	0	7	0
360ac6a480fd7c3aa5e8adbd4d91a4db	0	0	0	0	0	0	0	7
f3955e6dcaa492d6b134e9352de88348	0	0	0	0	0	0	0	7
7893c727746caf11c3f2ce5ce8babbfc	0	0	0	0	0	0	0	7
2b42f3d351e790fb6ad2f2ff887c6077	0	0	0	0	0	0	0	7
4f63eb2e927e3420605bb25deb5e6d94	0	0	0	0	0	0	0	7
3757f2a569af0c7ea461b753351ba6ef	6	0	0	0	0	0	0	0
051e3243eb1e1899791744e73e25c9fc	6	0	0	0	0	0	0	0
e809224785c84543e8761538b91c41c7	6	0	0	0	0	0	0	0
b33a166ceb7d4d938c45de628bd94e3f	6	0	0	0	0	0	0	0
da98c0b306a066568ed70b82fb5f1766	0	6	0	0	0	0	0	0
8fa557e46b8351e17e209997edda300b	0	6	0	0	0	0	0	0
9d807a118cc9ad0324fb293c154c26f4	0	6	0	0	0	0	0	0
3f4bb317aa08b7dfe90fa571356bfdc1	0	6	0	0	0	0	0	0
5897f64594dcffafd14ffb92c5458957	0	6	0	0	0	0	0	0
9ef77a661ae0f45df90dfb1d934b6e7f	0	6	0	0	0	0	0	0
8c73ea9deaf92e50091090b9aeee5e24	0	0	6	0	0	0	0	0
0de1175c296275d29f0fe7db6cd23373	0	0	2	0	0	2	0	2
50fc9a0bbcffcda82cc26ee18bd9fa46	0	0	6	0	0	0	0	0
f6dee821a769f5c2f2452e8f5ef7156e	0	0	2	0	2	2	0	0
a01b2406a21790b8536b5448aa5785a0	0	0	6	0	0	0	0	0
0bb84a0a880d905634e3c297e76fcb63	0	0	6	0	0	0	0	0
225d04df85debf8eb594e263b89e8efb	0	0	0	6	0	0	0	0
62daeba2578ff049013e7b7fce5a0e55	0	0	0	6	0	0	0	0
dda5f32d4b8e9e5afcc9d4d563b665b5	0	0	0	6	0	0	0	0
626e723161939e36ece1ba094e406fb4	0	0	0	0	6	0	0	0
3b869182f658a672988bc5ac1509aa76	0	0	0	0	6	0	0	0
733c45c21948fbbe28afe6040770a741	0	0	0	0	6	0	0	0
35676206fd301c9f99515e390cc07356	0	0	0	0	6	0	0	0
563aeace924357ee80f38d4ba1319054	0	0	0	0	6	0	0	0
dc4b0c6dd7b2be474447273a19e90bc1	0	0	0	0	6	0	0	0
f62cd5a26004d69c6353864309c483fc	0	0	0	0	0	6	0	0
1e60765ba9636c5ea1be7e3909bb2c27	0	0	0	0	0	6	0	0
0f41592c06e6cb090230eca9a18992f7	0	0	0	0	0	6	0	0
de9bc939f13b183822e23739310a83af	0	0	0	0	0	6	0	0
feec839360245d52b543689fd3df4bfd	0	0	0	0	0	0	6	0
d10f5a6b227af36b882c53ab2fcfdf15	0	0	0	0	0	0	6	0
91743c8529b80125c404d0c17b38a541	0	0	0	0	0	0	0	6
e8b2a084fb19d810d3bb002cbaca064d	0	0	0	0	0	0	0	6
fa6e516f3ce4fc4d934549099532162c	0	0	0	0	0	0	0	6
766de33ec144d93b32ec827ebd2b98fd	0	0	0	0	0	0	0	6
23a9220a03387f7cfe3867de4c4172f1	0	0	0	0	0	0	0	6
5d0767d903ea5456328392668ea511bc	5	0	0	0	0	0	0	0
b9d47eaf934c20852e177d36d3416a39	5	0	0	0	0	0	0	0
4b4e87cd84bc7b1a1a68694e316d5b03	0	5	0	0	0	0	0	0
d26d9bdc42fb0a06c488379b46bc56db	0	5	0	0	0	0	0	0
c725f422a0117677f486e3042ee12f93	0	5	0	0	0	0	0	0
84347212a4caea3d668e5fdcab77fdea	0	5	0	0	0	0	0	0
da7a857676b673ac15a5aae421b1729a	0	5	0	0	0	0	0	0
2f8ba99dc54a16678dcefb5bf1d474a5	0	5	0	0	0	0	0	0
c457cd42e589eb86640001f5a0584961	0	5	0	0	0	0	0	0
e0ca8646ad1969798278b8632092ac81	0	0	5	0	0	0	0	0
1b1e80e1b0e83acd552183444ddb222e	0	0	5	0	0	0	0	0
93da96a7079e95e4d7a933b0ae3ce985	0	0	0	5	0	0	0	0
38e3d7dfb09cbe6d69c41dd292a3c8d3	0	0	0	5	0	0	0	0
1263477fbf1ffb3ef2abbb8f9d5439a4	0	0	0	5	0	0	0	0
2e84338f7fbf49f632e7bcb2d97663fc	0	0	0	0	5	0	0	0
62310b11e5e0325308a8bcb8847d06c7	0	0	0	0	5	0	0	0
dc115e11d85d9df2845f227cec7baae5	0	0	0	0	5	0	0	0
5d5b584612ad92af70579296a1310a7e	0	0	0	0	5	0	0	0
45132f0bcbaa0621552d6ad2937ba3d2	0	0	0	0	0	5	0	0
8aa3658ee5eff21b55cc019a049ce97e	0	0	0	0	0	5	0	0
8804e7ef92649222daa76261f0ef568e	0	0	0	0	0	5	0	0
0129d15dfad8af0ab8889034c4c58d89	0	0	0	0	0	0	5	0
c9f1e29ad3a6fdb4858230aa664aa541	0	0	0	0	0	0	5	0
7c61c29a6a56e59aa440fec5cf7294b9	0	0	0	0	0	0	5	0
59383d4b81547dae4a55475fcc3ade5f	0	0	0	0	0	0	0	5
846fc411589326ea1c57a3f5017ef6f6	0	0	0	0	0	0	0	5
834ca323e9d5d598137d0f77a85d0809	0	0	0	0	0	0	0	5
063435176b47d2dd633a382267a8272a	4	0	0	0	0	0	0	0
d7a9a3e27d15d0ee147711d584515688	4	0	0	0	0	0	0	0
ab3c745ce87813b92b6ca31f1ff08f64	4	0	0	0	0	0	0	0
8d47a9b0b333056eb0e2ef6f58fe4383	4	0	0	0	0	0	0	0
6b4fd2db86524f469cd0deafb2300ee9	0	4	0	0	0	0	0	0
f4675e3f3c100f5ddef881a67ad8a816	0	4	0	0	0	0	0	0
878197fe1916212794ede7dfa913e083	0	0	4	0	0	0	0	0
0fb8776fb99050a7523e7f79d25350e6	0	0	4	0	0	0	0	0
79ef8ab832c1917968d92c853be22a7b	0	0	4	0	0	0	0	0
4a91a50843fd988cf99653d0e7ef9a1e	0	0	4	0	0	0	0	0
8145fd280bc86593e327d47e2e91944b	0	0	0	4	0	0	0	0
a40518453e040578336966d35c6aefd1	0	0	0	4	0	0	0	0
d645f9106a1da35b62244d7689efb3e7	0	0	0	4	0	0	0	0
01811ae04b83c4bf9e2171868a126cb2	0	0	0	0	4	0	0	0
60795862bd7a0a808ab6df58bf76838a	0	0	0	0	4	0	0	0
1d63310e02eb7a5394f5b464b52b647c	0	0	0	0	4	0	0	0
338517ae4b9d06021abbaa5589935867	0	0	0	0	4	0	0	0
93202e0fc5a9c25e77e8f2b8606b8374	0	0	0	0	4	0	0	0
65d0828a68022c46d1e8000d05de6c4e	0	0	0	0	4	0	0	0
49826623bdf9d29a3212a7b214deac0a	0	0	0	0	0	4	0	0
390ea21683ba669f2c575bc82089f2ff	0	0	0	0	0	0	4	0
73e577f5a1d9fedb2b822da93e6e0be0	0	0	0	0	0	0	4	0
a7f64ecdf8bb9c0fa0cda25155520abb	0	0	0	0	0	0	4	0
1cab152598fa880b69f90dedbc3cff2b	0	0	0	0	0	0	4	0
33b0f45000f94326a45661baae6e6386	0	0	0	0	0	0	4	0
83774918c320c6fc82657f35a7cda173	0	0	0	0	0	0	4	0
a0eb39703578b418d11c5c79a4ece232	0	0	0	0	0	0	0	4
acf09bbe4c22cf842232fd5d29de70c6	0	0	0	0	0	0	0	4
c0aa9359a623d36382070d12b7b300b1	0	0	0	0	0	0	0	4
ce69d1dcb5e2169082e75a8b581f437f	0	0	0	0	0	0	0	4
b0a5bcfda496d60bca2546f1729ff1c9	0	0	0	0	0	0	0	4
3152d899d4a31c8f5f2e0e563ed6194c	3	0	0	0	0	0	0	0
d0e2d2dece9197311cfff4acb0bde3bd	3	0	0	0	0	0	0	0
3d29ea0a02c10c41848c128f07f1caa4	3	0	0	0	0	0	0	0
d04a84f15c6700c77fcffc23a754a90f	3	0	0	0	0	0	0	0
5cc7b5515a1be2b0846436c8026cd723	3	0	0	0	0	0	0	0
bc5d64764364316418affaa649111593	3	0	0	0	0	0	0	0
848a6f68506fa96f7a417a00f274a893	3	0	0	0	0	0	0	0
6e7e224843fdd8f70a06b4ed9b7aaf5e	0	3	0	0	0	0	0	0
368b81f0157c28936575c646e59aa37b	0	3	0	0	0	0	0	0
85b4331b18facff6cb4b939749f378b8	0	0	3	0	0	0	0	0
885a4a90d901f59a5aaabd47b6a7526d	0	0	3	0	0	0	0	0
c1f9d6172306163e63d7c0204fe9a6f5	0	0	3	0	0	0	0	0
f6751dfc59888a2937ba1611d97b6c9a	0	0	3	0	0	0	0	0
9d3ae334a439a53a4df64ed297a592a8	0	0	3	0	0	0	0	0
777589565cead2f4e1561402a612f124	0	0	3	0	0	0	0	0
089d2232fb8ee3418867c7b1f78a2ba4	0	0	3	0	0	0	0	0
64ddae71f0acb4539e7a0c0831f749df	0	0	3	0	0	0	0	0
4fbeb2bc47a5066d1d3ad5b7e53a63da	0	0	3	0	0	0	0	0
4fa366c45f1640829286542a8b65c91c	0	0	0	3	0	0	0	0
833b86dcd97e9324d0d7b59ecb895a61	0	0	0	3	0	0	0	0
421492ff33a1fcdbeedcb32bdab4e366	0	0	0	3	0	0	0	0
076811cee0d60b18a7c39a2cf14b1848	0	0	0	3	0	0	0	0
10f5b9e157434bdf58196860fe265e1d	0	0	0	3	0	0	0	0
499f89c7ec3470bab0abd2aa4ab01b0a	0	0	0	0	3	0	0	0
bb42654bbaffcc35aa28840690992e28	0	0	0	0	3	0	0	0
e13f8d240f1d9ed293aae34281783f78	0	0	0	0	3	0	0	0
a2f69eebb1be4fcce034d72f2577e05a	0	0	0	0	3	0	0	0
53af4a04f684f6d04727ae8b305eda9a	0	0	0	0	3	0	0	0
d1ccbbc880e38876941bf44b764633ee	0	0	0	0	3	0	0	0
c6b72860516718e881edd63596e12aa7	0	0	0	0	3	0	0	0
5dfa840c50dea9ad1743697fe80b5587	0	0	0	0	0	3	0	0
abbc39a51e2a4bc4677d19c2a7b14a8e	0	0	0	0	0	3	0	0
c1c40b2066144f4f870b0245b3862ca8	0	0	0	0	0	3	0	0
e6ee2a49f260e088df9171ae40843799	0	0	0	0	0	3	0	0
ca8bbe96cef4241a3208677c9c896fff	0	0	0	0	0	0	3	0
164116508de8244faa95a8b7081637ca	0	0	0	0	0	0	3	0
a1b29686f2b8035e7641bf537f3927a9	0	0	0	0	0	0	3	0
2a3365fe151f065a081608fc17f65ea0	0	0	0	0	0	0	0	3
622ed2c7be4fefee6af981d22b0b052b	0	0	0	0	0	0	0	3
3ad0c26fec7459d8707f885ff520c689	0	0	0	0	0	0	0	3
62c745004de04b7164be3f6054884e23	0	0	0	0	0	0	0	3
2625101c381b4ca55fda886dee8e38de	0	0	0	0	0	0	0	3
0b0482798e9edbe28e1484ccc3c17cdd	0	0	0	0	0	0	0	3
ce070f62f7bdf3ef308e04b4ab6b5417	2	0	0	0	0	0	0	0
801bf8fb0c1989770c8db6fbc9243891	2	0	0	0	0	0	0	0
1a9a5ab72c7197378531d15c213fe158	2	0	0	0	0	0	0	0
80e98c725146b20ab98e0ecfe5fde506	2	0	0	0	0	0	0	0
6ba6737fe982a0b2cfebc4d5e4642d3b	0	2	0	0	0	0	0	0
5c0a49c80462cb9a8eafe7e96022834a	0	2	0	0	0	0	0	0
4d812d2a3621cb5fa6c34c9cfb0983a6	0	2	0	0	0	0	0	0
da306f67cdf09c46bdfdaa9a764e65d3	0	2	0	0	0	0	0	0
a07371bf4e6414979d61f4e0648ecb01	0	0	2	0	0	0	0	0
438b9e4af5b66a9f530105bdff4d4572	0	0	2	0	0	0	0	0
878149cf32497ca15e6db986ec426320	0	0	2	0	0	0	0	0
397d9045fb43dc71efba6dac182448bf	0	0	2	0	0	0	0	0
150db4c96980f16ca05d5990417fce1d	0	0	2	0	0	0	0	0
12eb4a945f8c90e48a927d876d67bc33	0	0	2	0	0	0	0	0
9035ae35318a8d9c738b81317484e11e	0	0	2	0	0	0	0	0
2445ae6fc3fd1184c80abe5e1914abe6	0	0	2	0	0	0	0	0
ae700a9e8f3199102ef0511eecb79900	0	0	0	2	0	0	0	0
fbb863cb572b15ae267b0f25f6066ed2	0	0	0	2	0	0	0	0
aadd419d3c5a5d2eb8bc6d69abe9db37	0	0	0	0	2	0	0	0
cc78afb7e9bfcbe40d0930627b438056	0	0	0	0	2	0	0	0
46d7bc548568ac87730775ad0976ba92	0	0	0	0	2	0	0	0
ceff735f8c831094a73f070fb3bedb59	0	0	0	0	2	0	0	0
554ee422cafed5211018f08f852be576	0	0	0	0	0	2	0	0
71b53441709dbc33c1a757e5ca252645	0	0	0	0	0	2	0	0
9d521bb4c0f9335c5f434d29b51d74fa	0	0	0	0	0	0	2	0
45d42202de3a85b294688ce9f8345e4c	0	0	0	0	0	0	2	0
79c9715c065e4083260e3a5dd8c45695	0	0	0	0	0	0	0	2
18549d24778278d6540bc49987a4aced	0	0	0	0	0	0	0	2
